ACE|B_556x45_Ball|5.69|4.0176|23.012|7|ASM|0|0.151|723,764,796,825,843,866,878,892,906,915,922,900|210.82,238.76,269.24,299.72,330.2,360.68,391.16,419.1,449.58,480.06,508,609.6|-27.2,-26.44,-23.76,-21,-17.54,-13.1,-7.95,-1.62,6.24,15.48,27.75|0|BulletBase
ACE|B_556x45_Ball_Tracer_Red|5.69|4.0176|23.012|7|ASM|0|0.151|723,764,796,825,843,866,878,892,906,915,922,900|210.82,238.76,269.24,299.72,330.2,360.68,391.16,419.1,449.58,480.06,508,609.6|-27.2,-26.44,-23.76,-21,-17.54,-13.1,-7.95,-1.62,6.24,15.48,27.75|0|B_556x45_Ball
ACE|B_556x45_Ball_Tracer_Green|5.69|4.0176|23.012|7|ASM|0|0.151|723,764,796,825,843,866,878,892,906,915,922,900|210.82,238.76,269.24,299.72,330.2,360.68,391.16,419.1,449.58,480.06,508,609.6|-27.2,-26.44,-23.76,-21,-17.54,-13.1,-7.95,-1.62,6.24,15.48,27.75|0|B_556x45_Ball
ACE|B_556x45_Ball_Tracer_Yellow|5.69|4.0176|23.012|7|ASM|0|0.151|723,764,796,825,843,866,878,892,906,915,922,900|210.82,238.76,269.24,299.72,330.2,360.68,391.16,419.1,449.58,480.06,508,609.6|-27.2,-26.44,-23.76,-21,-17.54,-13.1,-7.95,-1.62,6.24,15.48,27.75|0|B_556x45_Ball
ACE|B_556x45_dual|5.69|4.0176|23.012|7|ASM|0|0.151|268|457.2|-2.655,-2.547,-2.285,-2.012,-1.698,-1.28,-0.764,-0.153,0.596,1.517,2.619|0|B_556x45_Ball
ACE|B_65x39_Caseless|6.706|7.9704|32.893|7|ICAO|0|0.263|730,760,788,800,810,830|254,406.4,508,609.6,660.4,762|-26.55,-25.47,-22.85,-20.12,-16.98,-12.8,-7.64,-1.53,5.96,15.17,26.19|0|BulletBase
ACE|B_65x39_Caseless_green|6.706|7.9704|32.893|7|ICAO|0|0.263|730,760,788,800,810,830|254,406.4,508,609.6,660.4,762|-26.55,-25.47,-22.85,-20.12,-16.98,-12.8,-7.64,-1.53,5.96,15.17,26.19|0|B_65x39_Caseless
ACE|B_65x39_Caseless_yellow|6.706|7.9704|32.893|7|ICAO|0|0.263|730,760,788,800,810,830|254,406.4,508,609.6,660.4,762|-26.55,-25.47,-22.85,-20.12,-16.98,-12.8,-7.64,-1.53,5.96,15.17,26.19|0|B_65x39_Caseless
ACE|B_65x39_Case|6.706|7.9704|32.893|7|ICAO|0|0.263|730,760,788,800,810,830|254,406.4,508,609.6,660.4,762|-26.55,-25.47,-22.85,-20.12,-16.98,-12.8,-7.64,-1.53,5.96,15.17,26.19|0|B_65x39_Caseless
ACE|B_65x39_Case_green|6.706|7.9704|32.893|7|ICAO|0|0.263|730,760,788,800,810,830|254,406.4,508,609.6,660.4,762|-26.55,-25.47,-22.85,-20.12,-16.98,-12.8,-7.64,-1.53,5.96,15.17,26.19|0|B_65x39_Case
ACE|B_65x39_Case_yellow|6.706|7.9704|32.893|7|ICAO|0|0.263|730,760,788,800,810,830|254,406.4,508,609.6,660.4,762|-26.55,-25.47,-22.85,-20.12,-16.98,-12.8,-7.64,-1.53,5.96,15.17,26.19|0|B_65x39_Case
ACE|B_65x39_Minigun_Caseless_Red_splash|6.706|7.9704|32.893|7|ICAO|0|0.263|730,760,788,800,810,830|254,406.4,508,609.6,660.4,762|-26.55,-25.47,-22.85,-20.12,-16.98,-12.8,-7.64,-1.53,5.96,15.17,26.19|0|B_65x39_Caseless
ACE|B_65x39_Minigun_Caseless_Yellow_splash|6.706|7.9704|32.893|7|ICAO|0|0.263|730,760,788,800,810,830|254,406.4,508,609.6,660.4,762|-26.55,-25.47,-22.85,-20.12,-16.98,-12.8,-7.64,-1.53,5.96,15.17,26.19|0|B_65x39_Minigun_Caseless_Red_splash
ACE|B_65x39_Minigun_Caseless_Green_splash|6.706|7.9704|32.893|7|ICAO|0|0.263|730,760,788,800,810,830|254,406.4,508,609.6,660.4,762|-26.55,-25.47,-22.85,-20.12,-16.98,-12.8,-7.64,-1.53,5.96,15.17,26.19|0|B_65x39_Minigun_Caseless_Red_splash
ACE|B_762x51_Ball|7.823|9.4608|28.956|7|ICAO|0|0.2|700,800,820,833,845|254,406.4,508,609.6,660.4|-26.55,-25.47,-22.85,-20.12,-16.98,-12.8,-7.64,-1.53,5.96,15.17,26.19|0|BulletBase
ACE|B_762x51_Tracer_Red|7.823|9.4608|28.956|7|ICAO|0|0.2|700,800,820,833,845|254,406.4,508,609.6,660.4|-26.55,-25.47,-22.85,-20.12,-16.98,-12.8,-7.64,-1.53,5.96,15.17,26.19|0|B_762x51_Ball
ACE|B_762x51_Tracer_Green|7.823|9.4608|28.956|7|ICAO|0|0.2|700,800,820,833,845|254,406.4,508,609.6,660.4|-26.55,-25.47,-22.85,-20.12,-16.98,-12.8,-7.64,-1.53,5.96,15.17,26.19|0|B_762x51_Ball
ACE|B_762x51_Tracer_Yellow|7.823|9.4608|28.956|7|ICAO|0|0.2|700,800,820,833,845|254,406.4,508,609.6,660.4|-26.55,-25.47,-22.85,-20.12,-16.98,-12.8,-7.64,-1.53,5.96,15.17,26.19|0|B_762x51_Ball
ACE|B_762x54_Ball|7.925|9.8496|28.956|1|ICAO|0|0.4|760,795,835,865|406.4,508,604.5,736.6|-26.55,-25.47,-22.85,-20.12,-16.98,-12.8,-7.64,-1.53,5.96,15.17,26.19|0|B_762x51_Ball
ACE|B_762x54_Tracer_Red|7.925|9.8496|28.956|1|ICAO|0|0.4|760,795,835,865|406.4,508,604.5,736.6|-26.55,-25.47,-22.85,-20.12,-16.98,-12.8,-7.64,-1.53,5.96,15.17,26.19|0|B_762x54_Ball
ACE|B_762x54_Tracer_Green|7.925|9.8496|28.956|1|ICAO|0|0.4|760,795,835,865|406.4,508,604.5,736.6|-26.55,-25.47,-22.85,-20.12,-16.98,-12.8,-7.64,-1.53,5.96,15.17,26.19|0|B_762x54_Ball
ACE|B_762x54_Tracer_Yellow|7.925|9.8496|28.956|1|ICAO|0|0.4|760,795,835,865|406.4,508,604.5,736.6|-26.55,-25.47,-22.85,-20.12,-16.98,-12.8,-7.64,-1.53,5.96,15.17,26.19|0|B_762x54_Ball
ACE|B_762x51_Minigun_Tracer_Red_splash|7.823|9.4608|28.956|7|ICAO|0|0.2|700,800,820,833,845|254,406.4,508,609.6,660.4|-26.55,-25.47,-22.85,-20.12,-16.98,-12.8,-7.64,-1.53,5.96,15.17,26.19|0|B_762x51_Ball
ACE|B_12Gauge_Slug|17.5|28.35|38|1|ASM|2|0.11|365.76,381,414.53,426.72,434.34,441.96,454.15,455.68,460.25|215.9,254,317.5,355.6,457.2,533.4,609.6,660.4,711.2||0|BulletBase
ACE|B_9x21_Ball|9.042|7.452|15.494|1|ICAO|0|0.17|380,390,420,435|93.5,101.6,127,228.6|-2.655,-2.547,-2.285,-2.012,-1.698,-1.28,-0.764,-0.153,0.596,1.517,2.619|0|BulletBase
ACE|B_9x21_Ball_Tracer_Green|9.042|7.452|15.494|1|ICAO|0|0.17|380,390,420,435|93.5,101.6,127,228.6|-2.655,-2.547,-2.285,-2.012,-1.698,-1.28,-0.764,-0.153,0.596,1.517,2.619|0|B_9x21_Ball
ACE|B_9x21_Ball_Tracer_Red|9.042|7.452|15.494|1|ICAO|0|0.17|380,390,420,435|93.5,101.6,127,228.6|-2.655,-2.547,-2.285,-2.012,-1.698,-1.28,-0.764,-0.153,0.596,1.517,2.619|0|B_9x21_Ball_Tracer_Green
ACE|B_9x21_Ball_Tracer_Yellow|9.042|7.452|15.494|1|ICAO|0|0.17|380,390,420,435|93.5,101.6,127,228.6|-2.655,-2.547,-2.285,-2.012,-1.698,-1.28,-0.764,-0.153,0.596,1.517,2.619|0|B_9x21_Ball_Tracer_Green
ACE|B_408_Ball|10.363|27.1507|55.1942|7|ICAO|0.2|0.434|867|736.6|-26.55,-25.47,-22.85,-20.12,-16.98,-12.8,-7.64,-1.53,5.96,15.17,26.19|1|BulletBase
ACE|B_127x99_Ball|12.954|41.9256|58.674|1|ASM|0.35|0.67|900|736.6|-26.55,-25.47,-22.85,-20.12,-16.98,-12.8,-7.64,-1.53,5.96,15.17,26.19|0|BulletBase
ACE|B_127x99_Ball_Tracer_Red|12.954|41.9256|58.674|1|ASM|0.35|0.67|900|736.6|-26.55,-25.47,-22.85,-20.12,-16.98,-12.8,-7.64,-1.53,5.96,15.17,26.19|0|B_127x99_Ball
ACE|B_127x99_Ball_Tracer_Green|12.954|41.9256|58.674|1|ASM|0.35|0.67|900|736.6|-26.55,-25.47,-22.85,-20.12,-16.98,-12.8,-7.64,-1.53,5.96,15.17,26.19|0|B_127x99_Ball
ACE|B_127x99_Ball_Tracer_Yellow|12.954|41.9256|58.674|1|ASM|0.35|0.67|900|736.6|-26.55,-25.47,-22.85,-20.12,-16.98,-12.8,-7.64,-1.53,5.96,15.17,26.19|0|B_127x99_Ball
ACE|B_127x99_SLAP|12.954|41.9256|58.674|1|ASM|0.35|0.67|900|736.6|-26.55,-25.47,-22.85,-20.12,-16.98,-12.8,-7.64,-1.53,5.96,15.17,26.19|0|B_127x99_Ball
ACE|B_127x99_SLAP_Tracer_Red|12.954|41.9256|58.674|1|ASM|0.35|0.67|900|736.6|-26.55,-25.47,-22.85,-20.12,-16.98,-12.8,-7.64,-1.53,5.96,15.17,26.19|0|B_127x99_SLAP
ACE|B_127x99_SLAP_Tracer_Green|12.954|41.9256|58.674|1|ASM|0.35|0.67|900|736.6|-26.55,-25.47,-22.85,-20.12,-16.98,-12.8,-7.64,-1.53,5.96,15.17,26.19|0|B_127x99_SLAP
ACE|B_127x99_SLAP_Tracer_Yellow|12.954|41.9256|58.674|1|ASM|0.35|0.67|900|736.6|-26.55,-25.47,-22.85,-20.12,-16.98,-12.8,-7.64,-1.53,5.96,15.17,26.19|0|B_127x99_SLAP
ACE|B_127x108_Ball|12.979|48.276|64.008|1|ASM|0|0.63|828|730|-26.55,-25.47,-22.85,-20.12,-16.98,-12.8,-7.64,-1.53,5.96,15.17,26.19|0|BulletBase
ACE|B_127x108_APDS|7.13|27.95|34.08|1|ICAO|0|1.052|1068|730|-26.55,-25.47,-22.85,-20.12,-16.98,-12.8,-7.64,-1.53,5.96,15.17,26.19|0|B_127x108_Ball
ACE|B_45ACP_Ball|11.481|14.904|17.272|1|ASM|0|0.195|230,250,285|101.6,127,228.6|-2.655,-2.547,-2.285,-2.012,-1.698,-1.28,-0.764,-0.153,0.596,1.517,2.619|0|BulletBase
ACE|B_45ACP_Ball_Green|11.481|14.904|17.272|1|ASM|0|0.195|230,250,285|101.6,127,228.6|-2.655,-2.547,-2.285,-2.012,-1.698,-1.28,-0.764,-0.153,0.596,1.517,2.619|0|B_45ACP_Ball
ACE|B_45ACP_Ball_Yellow|11.481|14.904|17.272|1|ASM|0|0.195|230,250,285|101.6,127,228.6|-2.655,-2.547,-2.285,-2.012,-1.698,-1.28,-0.764,-0.153,0.596,1.517,2.619|0|B_45ACP_Ball
ACE|B_762x51_Minigun_Tracer_Yellow_splash|7.823|9.4608|28.956|7|ICAO|0|0.2|700,800,820,833,845|254,406.4,508,609.6,660.4|-26.55,-25.47,-22.85,-20.12,-16.98,-12.8,-7.64,-1.53,5.96,15.17,26.19|0|B_762x51_Minigun_Tracer_Red_splash
ACE|Sub_F_Signal_Green|9.042|7.452|15.494|1|ICAO|0|0.17|380,390,420,435|93.5,101.6,127,228.6|-2.655,-2.547,-2.285,-2.012,-1.698,-1.28,-0.764,-0.153,0.596,1.517,2.619|0|B_9x21_Ball
ACE|Sub_F_Signal_Red|9.042|7.452|15.494|1|ICAO|0|0.17|380,390,420,435|93.5,101.6,127,228.6|-2.655,-2.547,-2.285,-2.012,-1.698,-1.28,-0.764,-0.153,0.596,1.517,2.619|0|Sub_F_Signal_Green
ACE|B_338_Ball|8.585|16.2|39.573|7|ICAO|0.3|0.322|880,915,925|508,660.4,711.2|-26.55,-25.47,-22.85,-20.12,-16.98,-12.8,-7.64,-1.53,5.96,15.17,26.19|0|BulletBase
ACE|B_338_NM_Ball|8.585|19.44|43.18|7|ICAO|0|0.381|790,807,820|508,609.6,660.4|-26.55,-25.47,-22.85,-20.12,-16.98,-12.8,-7.64,-1.53,5.96,15.17,26.19|0|BulletBase
ACE|B_127x54_Ball|13.01|48.2|63.75|1|ICAO|0|0.519|296|450|-2.655,-2.547,-2.285,-2.012,-1.698,-1.28,-0.764,-0.153,0.596,1.517,2.619|0|BulletBase
ACE|B_93x64_Ball|9.28|17|35.56|1|ICAO|0.4|0.515|768,788,798|508,620,660.4|-26.55,-25.47,-22.85,-20.12,-16.98,-12.8,-7.64,-1.53,5.96,15.17,26.19|0|BulletBase
ACE|B_570x28_Ball|5.7|2|21.6|7|ICAO|0|0.084|716,776|264,407|-2.655,-2.547,-2.285,-2.012,-1.698,-1.28,-0.764,-0.153,0.596,1.517,2.619|0|BulletBase
ACE|B_580x42_Ball_F|6|4.15|24|7|ICAO|0|0.156|790,930,950|369,463,600|-26.55,-25.47,-22.85,-20.12,-16.98,-12.8,-7.64,-1.53,5.96,15.17,26.19|0|BulletBase
ACE|B_50BW_Ball_F|4.55|21.64|24.13|1|ASM|0|0.21|550|304.8|-2.655,-2.547,-2.285,-2.012,-1.698,-1.28,-0.764,-0.153,0.596,1.517,2.619|0|BulletBase
ACE|B_762x39_Ball_F|7.92|7.97|28.956|1|ICAO|0|0.275|658,678,723,743,753|254,314,415,520,590|-26.55,-25.47,-22.85,-20.12,-16.98,-12.8,-7.64,-1.53,5.96,15.17,26.19|0|BulletBase
ACE|B_762x39_Ball_Green_F|7.92|7.97|28.956|1|ICAO|0|0.275|658,678,723,743,753|254,314,415,520,590|-26.55,-25.47,-22.85,-20.12,-16.98,-12.8,-7.64,-1.53,5.96,15.17,26.19|0|B_762x39_Ball_F
ACE|B_545x39_Ball_F|5.6|3.43|21.59|7|ICAO|0|0.168|743,848,891,900|210,314,415,508|-26.55,-25.47,-22.85,-20.12,-16.98,-12.8,-7.64,-1.53,5.96,15.17,26.19|0|BulletBase
ACE|B_545x39_Ball_Green_F|5.6|3.43|21.59|7|ICAO|0|0.168|743,848,891,900|210,314,415,508|-26.55,-25.47,-22.85,-20.12,-16.98,-12.8,-7.64,-1.53,5.96,15.17,26.19|0|B_545x39_Ball_F
ACE|B_12Gauge_Slug_NoCartridge|17.5|28.35|38|1|ASM|2|0.11|365.76,381,414.53,426.72,434.34,441.96,454.15,455.68,460.25|215.9,254,317.5,355.6,457.2,533.4,609.6,660.4,711.2||0|B_12Gauge_Slug
ACE|ace_frag_base|6.706|7.9704|32.893|7|ICAO|0|0.263|730,760,788,800,810,830|254,406.4,508,609.6,660.4,762|-26.55,-25.47,-22.85,-20.12,-16.98,-12.8,-7.64,-1.53,5.96,15.17,26.19|0|B_65x39_Caseless
ACE|ace_frag_tiny|6.706|7.9704|32.893|7|ICAO|0|0.263|730,760,788,800,810,830|254,406.4,508,609.6,660.4,762|-26.55,-25.47,-22.85,-20.12,-16.98,-12.8,-7.64,-1.53,5.96,15.17,26.19|0|ace_frag_base
ACE|ace_frag_tiny_HD|6.706|7.9704|32.893|7|ICAO|0|0.263|730,760,788,800,810,830|254,406.4,508,609.6,660.4,762|-26.55,-25.47,-22.85,-20.12,-16.98,-12.8,-7.64,-1.53,5.96,15.17,26.19|0|ace_frag_base
ACE|ace_frag_small|6.706|7.9704|32.893|7|ICAO|0|0.263|730,760,788,800,810,830|254,406.4,508,609.6,660.4,762|-26.55,-25.47,-22.85,-20.12,-16.98,-12.8,-7.64,-1.53,5.96,15.17,26.19|0|ace_frag_base
ACE|ace_frag_small_HD|6.706|7.9704|32.893|7|ICAO|0|0.263|730,760,788,800,810,830|254,406.4,508,609.6,660.4,762|-26.55,-25.47,-22.85,-20.12,-16.98,-12.8,-7.64,-1.53,5.96,15.17,26.19|0|ace_frag_base
ACE|ace_frag_medium|6.706|7.9704|32.893|7|ICAO|0|0.263|730,760,788,800,810,830|254,406.4,508,609.6,660.4,762|-26.55,-25.47,-22.85,-20.12,-16.98,-12.8,-7.64,-1.53,5.96,15.17,26.19|0|ace_frag_base
ACE|ace_frag_medium_HD|6.706|7.9704|32.893|7|ICAO|0|0.263|730,760,788,800,810,830|254,406.4,508,609.6,660.4,762|-26.55,-25.47,-22.85,-20.12,-16.98,-12.8,-7.64,-1.53,5.96,15.17,26.19|0|ace_frag_base
ACE|ace_frag_large|6.706|7.9704|32.893|7|ICAO|0|0.263|730,760,788,800,810,830|254,406.4,508,609.6,660.4,762|-26.55,-25.47,-22.85,-20.12,-16.98,-12.8,-7.64,-1.53,5.96,15.17,26.19|0|ace_frag_base
ACE|ace_frag_large_HD|6.706|7.9704|32.893|7|ICAO|0|0.263|730,760,788,800,810,830|254,406.4,508,609.6,660.4,762|-26.55,-25.47,-22.85,-20.12,-16.98,-12.8,-7.64,-1.53,5.96,15.17,26.19|0|ace_frag_large
ACE|ace_frag_huge|6.706|7.9704|32.893|7|ICAO|0|0.263|730,760,788,800,810,830|254,406.4,508,609.6,660.4,762|-26.55,-25.47,-22.85,-20.12,-16.98,-12.8,-7.64,-1.53,5.96,15.17,26.19|0|ace_frag_large
ACE|ace_frag_huge_HD|6.706|7.9704|32.893|7|ICAO|0|0.263|730,760,788,800,810,830|254,406.4,508,609.6,660.4,762|-26.55,-25.47,-22.85,-20.12,-16.98,-12.8,-7.64,-1.53,5.96,15.17,26.19|0|ace_frag_large
ACE|ace_frag_spallBase|6.706|7.9704|32.893|7|ICAO|0|0.263|730,760,788,800,810,830|254,406.4,508,609.6,660.4,762|-26.55,-25.47,-22.85,-20.12,-16.98,-12.8,-7.64,-1.53,5.96,15.17,26.19|0|B_65x39_Caseless
ACE|ace_frag_ground_spall_tiny|6.706|7.9704|32.893|7|ICAO|0|0.263|730,760,788,800,810,830|254,406.4,508,609.6,660.4,762|-26.55,-25.47,-22.85,-20.12,-16.98,-12.8,-7.64,-1.53,5.96,15.17,26.19|0|ace_frag_spallBase
ACE|ace_frag_ground_spall_small|6.706|7.9704|32.893|7|ICAO|0|0.263|730,760,788,800,810,830|254,406.4,508,609.6,660.4,762|-26.55,-25.47,-22.85,-20.12,-16.98,-12.8,-7.64,-1.53,5.96,15.17,26.19|0|ace_frag_spallBase
ACE|ace_frag_ground_spall_medium|6.706|7.9704|32.893|7|ICAO|0|0.263|730,760,788,800,810,830|254,406.4,508,609.6,660.4,762|-26.55,-25.47,-22.85,-20.12,-16.98,-12.8,-7.64,-1.53,5.96,15.17,26.19|0|ace_frag_spallBase
ACE|ace_frag_ground_spall_large|6.706|7.9704|32.893|7|ICAO|0|0.263|730,760,788,800,810,830|254,406.4,508,609.6,660.4,762|-26.55,-25.47,-22.85,-20.12,-16.98,-12.8,-7.64,-1.53,5.96,15.17,26.19|0|ace_frag_spallBase
ACE|ace_frag_ground_spall_huge|6.706|7.9704|32.893|7|ICAO|0|0.263|730,760,788,800,810,830|254,406.4,508,609.6,660.4,762|-26.55,-25.47,-22.85,-20.12,-16.98,-12.8,-7.64,-1.53,5.96,15.17,26.19|0|ace_frag_spallBase
ACE|ace_frag_rock_spall_tiny|6.706|7.9704|32.893|7|ICAO|0|0.263|730,760,788,800,810,830|254,406.4,508,609.6,660.4,762|-26.55,-25.47,-22.85,-20.12,-16.98,-12.8,-7.64,-1.53,5.96,15.17,26.19|0|ace_frag_spallBase
ACE|ace_frag_rock_spall_small|6.706|7.9704|32.893|7|ICAO|0|0.263|730,760,788,800,810,830|254,406.4,508,609.6,660.4,762|-26.55,-25.47,-22.85,-20.12,-16.98,-12.8,-7.64,-1.53,5.96,15.17,26.19|0|ace_frag_spallBase
ACE|ace_frag_rock_spall_medium|6.706|7.9704|32.893|7|ICAO|0|0.263|730,760,788,800,810,830|254,406.4,508,609.6,660.4,762|-26.55,-25.47,-22.85,-20.12,-16.98,-12.8,-7.64,-1.53,5.96,15.17,26.19|0|ace_frag_spallBase
ACE|ace_frag_rock_spall_large|6.706|7.9704|32.893|7|ICAO|0|0.263|730,760,788,800,810,830|254,406.4,508,609.6,660.4,762|-26.55,-25.47,-22.85,-20.12,-16.98,-12.8,-7.64,-1.53,5.96,15.17,26.19|0|ace_frag_spallBase
ACE|ace_frag_rock_spall_huge|6.706|7.9704|32.893|7|ICAO|0|0.263|730,760,788,800,810,830|254,406.4,508,609.6,660.4,762|-26.55,-25.47,-22.85,-20.12,-16.98,-12.8,-7.64,-1.53,5.96,15.17,26.19|0|ace_frag_spallBase
ACE|ace_frag_wood_spall_tiny|6.706|7.9704|32.893|7|ICAO|0|0.263|730,760,788,800,810,830|254,406.4,508,609.6,660.4,762|-26.55,-25.47,-22.85,-20.12,-16.98,-12.8,-7.64,-1.53,5.96,15.17,26.19|0|ace_frag_spallBase
ACE|ace_frag_wood_spall_small|6.706|7.9704|32.893|7|ICAO|0|0.263|730,760,788,800,810,830|254,406.4,508,609.6,660.4,762|-26.55,-25.47,-22.85,-20.12,-16.98,-12.8,-7.64,-1.53,5.96,15.17,26.19|0|ace_frag_spallBase
ACE|ace_frag_wood_spall_medium|6.706|7.9704|32.893|7|ICAO|0|0.263|730,760,788,800,810,830|254,406.4,508,609.6,660.4,762|-26.55,-25.47,-22.85,-20.12,-16.98,-12.8,-7.64,-1.53,5.96,15.17,26.19|0|ace_frag_spallBase
ACE|ace_frag_wood_spall_large|6.706|7.9704|32.893|7|ICAO|0|0.263|730,760,788,800,810,830|254,406.4,508,609.6,660.4,762|-26.55,-25.47,-22.85,-20.12,-16.98,-12.8,-7.64,-1.53,5.96,15.17,26.19|0|ace_frag_spallBase
ACE|ace_frag_wood_spall_huge|6.706|7.9704|32.893|7|ICAO|0|0.263|730,760,788,800,810,830|254,406.4,508,609.6,660.4,762|-26.55,-25.47,-22.85,-20.12,-16.98,-12.8,-7.64,-1.53,5.96,15.17,26.19|0|ace_frag_spallBase
ACE|ace_frag_concrete_spall_tiny|6.706|7.9704|32.893|7|ICAO|0|0.263|730,760,788,800,810,830|254,406.4,508,609.6,660.4,762|-26.55,-25.47,-22.85,-20.12,-16.98,-12.8,-7.64,-1.53,5.96,15.17,26.19|0|ace_frag_spallBase
ACE|ace_frag_concrete_spall_small|6.706|7.9704|32.893|7|ICAO|0|0.263|730,760,788,800,810,830|254,406.4,508,609.6,660.4,762|-26.55,-25.47,-22.85,-20.12,-16.98,-12.8,-7.64,-1.53,5.96,15.17,26.19|0|ace_frag_spallBase
ACE|ace_frag_concrete_spall_medium|6.706|7.9704|32.893|7|ICAO|0|0.263|730,760,788,800,810,830|254,406.4,508,609.6,660.4,762|-26.55,-25.47,-22.85,-20.12,-16.98,-12.8,-7.64,-1.53,5.96,15.17,26.19|0|ace_frag_spallBase
ACE|ace_frag_concrete_spall_large|6.706|7.9704|32.893|7|ICAO|0|0.263|730,760,788,800,810,830|254,406.4,508,609.6,660.4,762|-26.55,-25.47,-22.85,-20.12,-16.98,-12.8,-7.64,-1.53,5.96,15.17,26.19|0|ace_frag_spallBase
ACE|ace_frag_concrete_spall_huge|6.706|7.9704|32.893|7|ICAO|0|0.263|730,760,788,800,810,830|254,406.4,508,609.6,660.4,762|-26.55,-25.47,-22.85,-20.12,-16.98,-12.8,-7.64,-1.53,5.96,15.17,26.19|0|ace_frag_spallBase
ACE|ace_frag_metal_spall_tiny|6.706|7.9704|32.893|7|ICAO|0|0.263|730,760,788,800,810,830|254,406.4,508,609.6,660.4,762|-26.55,-25.47,-22.85,-20.12,-16.98,-12.8,-7.64,-1.53,5.96,15.17,26.19|0|ace_frag_spallBase
ACE|ace_frag_metal_spall_small|6.706|7.9704|32.893|7|ICAO|0|0.263|730,760,788,800,810,830|254,406.4,508,609.6,660.4,762|-26.55,-25.47,-22.85,-20.12,-16.98,-12.8,-7.64,-1.53,5.96,15.17,26.19|0|ace_frag_spallBase
ACE|ace_frag_metal_spall_medium|6.706|7.9704|32.893|7|ICAO|0|0.263|730,760,788,800,810,830|254,406.4,508,609.6,660.4,762|-26.55,-25.47,-22.85,-20.12,-16.98,-12.8,-7.64,-1.53,5.96,15.17,26.19|0|ace_frag_spallBase
ACE|ace_frag_metal_spall_large|6.706|7.9704|32.893|7|ICAO|0|0.263|730,760,788,800,810,830|254,406.4,508,609.6,660.4,762|-26.55,-25.47,-22.85,-20.12,-16.98,-12.8,-7.64,-1.53,5.96,15.17,26.19|0|ace_frag_spallBase
ACE|ace_frag_metal_spall_huge|6.706|7.9704|32.893|7|ICAO|0|0.263|730,760,788,800,810,830|254,406.4,508,609.6,660.4,762|-26.55,-25.47,-22.85,-20.12,-16.98,-12.8,-7.64,-1.53,5.96,15.17,26.19|0|ace_frag_spallBase
ACE|ACE_Gatling_30mm_Sub_HEI|1.4|0|0|0||0|||||0|SubmunitionBullet
ACE|ACE_Gatling_30mm_Sub_AP|1.4|0|0|0||0|||||0|ACE_Gatling_30mm_Sub_HEI
ACE|ACE_Gatling_30mm_Sub_CM41|1.4|0|0|0||0|||||0|ACE_Gatling_30mm_Sub_HEI
ACE|ACE_Gatling_30mm_Sub_CM51|1.4|0|0|0||0|||||0|ACE_Gatling_30mm_Sub_HEI
ACE|ACE_556x45_Ball_Mk262|5.69|4.9896|23.012|1|ASM|0.4|0.361|624,816,832,838|190.5,368.3,457.2,508|-26.55,-25.47,-22.85,-20.12,-16.98,-12.8,-7.64,-1.53,5.96,15.17,26.19|0|B_556x45_Ball
ACE|ACE_556x45_Ball_Mk318|5.69|4.0176|23.012|1|ASM|0|0.307|780,886,950|254,393.7,508|-26.55,-25.47,-22.85,-20.12,-16.98,-12.8,-7.64,-1.53,5.96,15.17,26.19|0|B_556x45_Ball
ACE|ACE_556x45_Ball_M995_AP|5.69|4.53592|23.012|1|ASM|0|0.31|820,865,880|254,368.3,508|-26.55,-25.47,-22.85,-20.12,-16.98,-12.8,-7.64,-1.53,5.96,15.17,26.19|0|B_556x45_Ball
ACE|ACE_B_556x45_Ball_Tracer_Dim|5.69|4.0176|23.012|7|ASM|0|0.151|723,764,796,825,843,866,878,892,906,915,922,900|210.82,238.76,269.24,299.72,330.2,360.68,391.16,419.1,449.58,480.06,508,609.6|-27.2,-26.44,-23.76,-21,-17.54,-13.1,-7.95,-1.62,6.24,15.48,27.75|0|B_556x45_Ball_Tracer_Red
ACE|ACE_580x42_DBP88_Ball|6|5|28|7|ICAO|0|0.21|903|640|-26.55,-25.47,-22.85,-20.12,-16.98,-12.8,-7.64,-1.53,5.96,15.17,26.19|0|B_580x42_Ball_F
ACE|ACE_65x39_Caseless_Tracer_Dim|6.706|7.9704|32.893|7|ICAO|0|0.263|730,760,788,800,810,830|254,406.4,508,609.6,660.4,762|-26.55,-25.47,-22.85,-20.12,-16.98,-12.8,-7.64,-1.53,5.96,15.17,26.19|0|B_65x39_Case_yellow
ACE|ACE_65x39_Caseless_green_Tracer_Dim|6.706|7.9704|32.893|7|ICAO|0|0.263|730,760,788,800,810,830|254,406.4,508,609.6,660.4,762|-26.55,-25.47,-22.85,-20.12,-16.98,-12.8,-7.64,-1.53,5.96,15.17,26.19|0|B_65x39_Caseless_green
ACE|ACE_65x47_Ball_Scenar|6.706|9.0072|34.646|7|ICAO|0.35|0.29|730,760,790,820,830|254,406.4,508,609.6,660.4|-26.55,-25.47,-22.85,-20.12,-16.98,-12.8,-7.64,-1.53,5.96,15.17,26.19|0|B_65x39_Caseless
ACE|ACE_65_Creedmor_Ball|6.706|9.072|36.22|7|ICAO|0.3|0.317|750,820,840,852,860|254,406.4,508,609.6,660.4|-26.55,-25.47,-22.85,-20.12,-16.98,-12.8,-7.64,-1.53,5.96,15.17,26.19|0|B_65x39_Caseless
ACE|ACE_B_762x51_Tracer_Dim|7.823|9.4608|28.956|7|ICAO|0|0.2|700,800,820,833,845|254,406.4,508,609.6,660.4|-26.55,-25.47,-22.85,-20.12,-16.98,-12.8,-7.64,-1.53,5.96,15.17,26.19|0|B_762x51_Tracer_Yellow
ACE|ACE_762x51_Ball_M118LR|7.823|11.34|31.496|7|ICAO|0.4|0.243|750,780,790,794|406.4,508,609.6,660.4|-26.55,-25.47,-22.85,-20.12,-16.98,-12.8,-7.64,-1.53,5.96,15.17,26.19|0|B_762x51_Ball
ACE|ACE_762x51_Ball_Mk316_Mod_0|7.823|11.34|31.496|7|ICAO|0.45|0.243|775,790,805,810|406.4,508,609.6,660.4|-5.3,-5.1,-4.6,-4.2,-3.4,-2.6,-1.4,-0.3,1.4,3,5.2|0|B_762x51_Ball
ACE|ACE_762x51_Ball_Mk319_Mod_0|7.823|8.424|31.496|1|ICAO|0.45|0.377|838,892,910|330.2,406.4,508|-2.655,-2.547,-2.285,-2.012,-1.698,-1.28,-0.764,-0.153,0.596,1.517,2.619|0|B_762x51_Ball
ACE|ACE_762x51_Ball_M993_AP|7.823|8.22946|31.496|1|ICAO|0|0.359|875,910,930|330.2,406.4,508|-26.55,-25.47,-22.85,-20.12,-16.98,-12.8,-7.64,-1.53,5.96,15.17,26.19|0|B_762x51_Ball
ACE|ACE_762x51_Ball_Subsonic|7.823|12.96|34.036|7|ICAO|0|0.235|305,325,335,340|406.4,508,609.6,660.4|-2.655,-2.547,-2.285,-2.012,-1.698,-1.28,-0.764,-0.153,0.596,1.517,2.619|0|B_762x51_Ball
ACE|ACE_762x67_Ball_Mk248_Mod_0|7.823|12.312|34.366|7|ICAO|0.45|0.268|865,900,924|508,609.6,660.4|-5.3,-5.1,-4.6,-4.2,-3.4,-2.6,-1.4,-0.3,1.4,3,5.2|0|B_762x51_Ball
ACE|ACE_762x67_Ball_Mk248_Mod_1|7.823|14.256|37.821|7|ICAO|0.45|0.31|847,867,877|508,609.6,660.4|-5.3,-5.1,-4.6,-4.2,-3.4,-2.6,-1.4,-0.3,1.4,3,5.2|0|B_762x51_Ball
ACE|ACE_762x67_Ball_Berger_Hybrid_OTM|7.823|14.904|40.691|7|ICAO|0.35|0.368|800,853,884|508,609.6,660.4|-26.55,-25.47,-22.85,-20.12,-16.98,-12.8,-7.64,-1.53,5.96,15.17,26.19|0|B_762x51_Ball
ACE|ACE_762x54_Ball_7T2|7.925|9.6552|28.956|1|ICAO|0|0.395|735,770,809,838|406.4,508,604.5,736.6|-26.55,-25.47,-22.85,-20.12,-16.98,-12.8,-7.64,-1.53,5.96,15.17,26.19|0|B_762x54_Tracer_Green
ACE|ACE_9x19_Ball|9.017|8.0352|15.494|1|ASM|0|0.165|340,370,400|101.6,127,228.6|-2.655,-2.547,-2.285,-2.012,-1.698,-1.28,-0.764,-0.153,0.596,1.517,2.619|0|B_9x21_Ball
ACE|ACE_408_Ball|10.363|19.7637|41.4528|7|ICAO|0.2|0.279|1067|736.6|-26.55,-25.47,-22.85,-20.12,-16.98,-12.8,-7.64,-1.53,5.96,15.17,26.19|1|B_408_Ball
ACE|ACE_338_Ball|8.585|19.44|44.0182|7|ICAO|0.3|0.368|800,820,826,830|508,609.6,673.1,711.2|-26.55,-25.47,-22.85,-20.12,-16.98,-12.8,-7.64,-1.53,5.96,15.17,26.19|0|B_338_Ball
ACE|ACE_338_Ball_API526|8.585|16.3941|38.989|7|ICAO|0.4|0.29|880,895,900|508,685.8,711.2|-26.55,-25.47,-22.85,-20.12,-16.98,-12.8,-7.64,-1.53,5.96,15.17,26.19|0|B_338_Ball
ACE|ACE_127x99_API|12.954|41.9904|58.674|1|ASM|0.4|0.67|900|736.6|-26.55,-25.47,-22.85,-20.12,-16.98,-12.8,-7.64,-1.53,5.96,15.17,26.19|0|B_127x99_Ball
ACE|ACE_127x99_Ball_AMAX|12.954|48.6|64.516|1|ASM|0.2|1.05|860|736.6|-26.55,-25.47,-22.85,-20.12,-16.98,-12.8,-7.64,-1.53,5.96,15.17,26.19|0|B_127x99_Ball
