ACE|ACE_127x99_API|12.954|41.9904|58.674|1|ASM|0.4|0.67|900.0|736.6|B_127x99_Ball
ACE|ACE_127x99_Ball_AMAX|12.954|48.6|64.516|1|ASM|0.2|1.05|860.0|736.6|B_127x99_Ball
ACE|ACE_338_Ball|8.585|19.44|44.0182|7|ICAO|0.3|0.368|800.0,820.0,826.0,830.0|508.0,609.6,673.1,711.2|B_338_Ball
ACE|ACE_338_Ball_API526|8.585|16.3941242|38.989|7|ICAO|0.4|0.29|880.0,895.0,900.0|508.0,685.8,711.2|B_338_Ball
ACE|ACE_408_Ball|10.363|19.7637|41.4528|7|ICAO|0.2|0.279|1067.0|736.6|B_408_Ball
ACE|ACE_556x45_Ball_M995_AP|5.69|4.5359237|23.012|1|ASM||0.31|820.0,865.0,880.0|254.0,368.3,508.0|B_556x45_Ball
ACE|ACE_556x45_Ball_Mk262|5.69|4.9896|23.012|1|ASM|0.4|0.361|624.0,816.0,832.0,838.0|190.5,368.3,457.2,508.0|B_556x45_Ball
ACE|ACE_556x45_Ball_Mk318|5.69|4.0176|23.012|1|ASM||0.307|780.0,886.0,950.0|254.0,393.7,508.0|B_556x45_Ball
ACE|ACE_580x42_DBP88_Ball||5.0|28.0||||0.21|903.0|640.0|B_580x42_Ball_F
ACE|ACE_65_Creedmor_Ball|6.706|9.072|36.22|7|ICAO|0.3|0.317|750.0,820.0,840.0,852.0,860.0|254.0,406.4,508.0,609.6,660.4|B_65x39_Caseless
ACE|ACE_65x47_Ball_Scenar|6.706|9.0072|34.646|7|ICAO|0.35|0.29|730.0,760.0,790.0,820.0,830.0|254.0,406.4,508.0,609.6,660.4|B_65x39_Caseless
ACE|ACE_762x51_Ball_M118LR|7.823|11.34|31.496|7|ICAO|0.4|0.243|750.0,780.0,790.0,794.0|406.4,508.0,609.6,660.4|B_762x51_Ball
ACE|ACE_762x51_Ball_M993_AP|7.823|8.22946157|31.496|1|ICAO||0.359|875.0,910.0,930.0|330.2,406.4,508.0|B_762x51_Ball
ACE|ACE_762x51_Ball_Mk316_Mod_0|7.823|11.34|31.496|7|ICAO|0.45|0.243|775.0,790.0,805.0,810.0|406.4,508.0,609.6,660.4|B_762x51_Ball
ACE|ACE_762x51_Ball_Mk319_Mod_0|7.823|8.424|31.496|1|ICAO|0.45|0.377|838.0,892.0,910.0|330.2,406.4,508.0|B_762x51_Ball
ACE|ACE_762x51_Ball_Subsonic|7.823|12.96|34.036|7|ICAO||0.235|305.0,325.0,335.0,340.0|406.4,508.0,609.6,660.4|B_762x51_Ball
ACE|ACE_762x54_Ball_7T2|7.925|9.6552|28.956|1|ICAO||0.395|735.0,770.0,809.0,838.0|406.4,508.0,604.5,736.6|B_762x54_Tracer_Green
ACE|ACE_762x67_Ball_Berger_Hybrid_OTM|7.823|14.904|40.691|7|ICAO|0.35|0.368|800.0,853.0,884.0|508.0,609.6,660.4|B_762x51_Ball
ACE|ACE_762x67_Ball_Mk248_Mod_0|7.823|12.312|34.366|7|ICAO|0.45|0.268|865.0,900.0,924.0|508.0,609.6,660.4|B_762x51_Ball
ACE|ACE_762x67_Ball_Mk248_Mod_1|7.823|14.256|37.821|7|ICAO|0.45|0.31|847.0,867.0,877.0|508.0,609.6,660.4|B_762x51_Ball
ACE|ACE_9x19_Ball|9.017|8.0352|15.494|1|ASM||0.165|340.0,370.0,400.0|101.6,127.0,228.6|B_9x21_Ball
ACE|B_127x108_APDS|7.13|27.95|34.08|1|ICAO||1.052|1068.0|730.0|B_127x108_Ball
ACE|B_127x108_Ball|12.979|48.276|64.008|1|ASM||0.63|828.0|730.0|BulletBase
ACE|B_127x54_Ball|13.01|48.2|63.75|1|ICAO||0.519|296.0|450.0|BulletBase
ACE|B_127x99_Ball|12.954|41.9256|58.674|1|ASM|0.35|0.67|900.0|736.6|BulletBase
ACE|B_12Gauge_Slug|17.5|28.35|38.0|1|ASM|2.0|0.11|365.76,381.0,414.53,426.72,434.34,441.96,454.15,455.68,460.25|215.9,254.0,317.5,355.6,457.2,533.4,609.6,660.4,711.2|BulletBase
ACE|B_338_Ball|8.585|16.2|39.573|7|ICAO|0.3|0.322|880.0,915.0,925.0|508.0,660.4,711.2|BulletBase
ACE|B_338_NM_Ball|8.585|19.44|43.18|7|ICAO||0.381|790.0,807.0,820.0|508.0,609.6,660.4|BulletBase
ACE|B_408_Ball|10.363|27.1507|55.1942|7|ICAO|0.2|0.434|867.0|736.6|BulletBase
ACE|B_45ACP_Ball|11.481|14.904|17.272|1|ASM||0.195|230.0,250.0,285.0|101.6,127.0,228.6|BulletBase
ACE|B_50BW_Ball_F|12.7|21.64|24.13|1|ASM||0.21|550.0|304.8|BulletBase
ACE|B_545x39_Ball_F|5.6|3.43|21.59|7|ICAO||0.168|743.0,848.0,891.0,900.0|210.0,314.0,415.0,508.0|BulletBase
ACE|B_556x45_Ball|5.69|4.0176|23.012|7|ASM||0.151|723.0,764.0,796.0,825.0,843.0,866.0,878.0,892.0,906.0,915.0,922.0,900.0|210.82,238.76,269.24,299.72,330.2,360.68,391.16,419.1,449.58,480.06,508.0,609.6|BulletBase
ACE|B_570x28_Ball|5.7|2.0|21.6|7|ICAO||0.084|716.0,776.0|264.0,407.0|BulletBase
ACE|B_580x42_Ball_F|6.0|4.15|24.0|7|ICAO||0.156|790.0,930.0,950.0|369.0,463.0,600.0|BulletBase
ACE|B_65x39_Caseless|6.706|7.9704|32.893|7|ICAO||0.263|730.0,760.0,788.0,800.0,810.0,830.0|254.0,406.4,508.0,609.6,660.4,762.0|BulletBase
ACE|B_762x39_Ball_F|7.92|7.97|28.956|1|ICAO||0.275|658.0,678.0,723.0,743.0,753.0|254.0,314.0,415.0,520.0,590.0|BulletBase
ACE|B_762x51_Ball|7.823|9.4608|28.956|7|ICAO||0.2|700.0,800.0,820.0,833.0,845.0|254.0,406.4,508.0,609.6,660.4|BulletBase
ACE|B_762x54_Ball|7.925|9.8496|28.956|1|ICAO||0.4|760.0,795.0,835.0,865.0|406.4,508.0,604.5,736.6|B_762x51_Ball
ACE|B_93x64_Ball|9.28|17.0|35.56|1|ICAO|0.4|0.515|768.0,788.0,798.0|508.0,620.0,660.4|BulletBase
ACE|B_9x21_Ball|9.042|7.452|15.494|1|ICAO||0.17|380.0,390.0,420.0,435.0|93.5,101.6,127.0,228.6|BulletBase
ACE|gm_bullet_473x33mm_B_dm11|4.92|3.33|21.88|7|ASM||0.115|925.0|540.0|gm_bullet_473x33mm_base
ACE|gm_bullet_545x39mm_B_T_7T3||3.2|25.32|||||785.0,883.0,925.0|254.0,414.02,508.0|gm_bullet_545x39mm_B_7N6
ACE|gm_bullet_545x39mm_base|5.588|3.42792|25.55|7|ASM||0.168|780.0,880.0,920.0|254.0,414.02,508.0|gm_bullet_base
ACE|gm_bullet_556x45mm_B_T_dm21||4.0176|29.31|||||691.0,764.0,764.0,770.0,793.0,811.0,834.0,846.0,860.0,874.0,883.0,890.0,870.0|210.82,238.76,269.24,299.72,330.2,360.68,391.16,419.1,449.58,480.06,508.0,609.6|gm_bullet_556x45mm_B_dm11
ACE|gm_bullet_556x45mm_B_T_m196||3.5|23.1||||0.118|712.93,829.97,921.71,954.33,992.73,1018.94|190.5,266.7,368.3,406.4,508.0,558.8|gm_bullet_556x45mm_B_m193
ACE|gm_bullet_556x45mm_B_T_m856||4.13|29.3|||||||gm_bullet_556x45mm_B_M855
ACE|gm_bullet_556x45mm_B_dm11||4.1||||||||gm_bullet_556x45mm_base
ACE|gm_bullet_556x45mm_B_m193||3.6|19.3||||0.118|712.93,829.97,921.71,954.33,992.73,1018.94|190.5,266.7,368.3,406.4,508.0,558.8|gm_bullet_556x45mm_base
ACE|gm_bullet_556x45mm_base|5.69|4.0176|23.012|7|ASM||0.151|723.0,764.0,796.0,825.0,843.0,866.0,878.0,892.0,906.0,915.0,922.0,900.0|210.82,238.76,269.24,299.72,330.2,360.68,391.16,419.1,449.58,480.06,508.0,609.6|gm_bullet_base
ACE|gm_bullet_762x39mm_API_M43||7.67|28.57|7|||0.138|||gm_bullet_762x39mm_AP_7N23
ACE|gm_bullet_762x39mm_API_T_M43||7.67|28.57|7|||0.138|||gm_bullet_762x39mm_AP_7N23
ACE|gm_bullet_762x39mm_AP_M43||7.87|28.3|7|||0.138|||gm_bullet_762x39mm_AP_7N23
ACE|gm_bullet_762x39mm_BSD_57N231U||12.5|33.62|||||270.0,290.0,320.0||gm_bullet_762x39mm_B_57N231
ACE|gm_bullet_762x39mm_B_57N231|7.92|7.899|26.8|1|ICAO||0.275|650.0,716.0,750.0|254.0,414.02,508.0|gm_bullet_762x39mm_base
ACE|gm_bullet_762x39mm_B_M43||7.97027||7|||0.138|||gm_bullet_762x39mm_B_57N231
ACE|gm_bullet_762x39mm_B_T_57N231P||7.5685127|27.48|||||||gm_bullet_762x39mm_B_57N231
ACE|gm_bullet_762x39mm_B_T_M43||7.97|27.48|7|||0.138|||gm_bullet_762x39mm_B_T_57N231P
ACE|gm_bullet_762x51mm_AP_DM151||9.8|31.496|||||||gm_bullet_762x51mm_base
ACE|gm_bullet_762x51mm_B_T_DM21||9.20145|33.8|||||||gm_bullet_762x51mm_B_DM41
ACE|gm_bullet_762x51mm_base|7.823|9.52544|26.46|7|ICAO||0.2|780.593,785.47,790.956,802.843,816.559,817.778,828.446,836.371,843.077,843.991,853.745,853.44,860.45|419.1,431.8,457.2,482.6,508.0,533.4,558.8,584.2,609.6,635.0,660.4,685.8,711.2|gm_bullet_base
ACE|gm_bullet_762x54mmR_API_7bz3||10.39|36.83||||0.401|||gm_bullet_762x54mmR_base
ACE|gm_bullet_762x54mmR_B_57N323S||9.6|32.385||||0.374|810.0,825.0,830.0,825.0|550.0,605.0,650.0,658.0|gm_bullet_762x54mmR_base
ACE|gm_bullet_762x54mmR_B_T_7t2||9.65|35.55||||0.395|735.0,770.0,809.0,838.0|406.4,508.0,604.5,736.6|gm_bullet_762x54mmR_B_57N323S
ACE|gm_bullet_762x54mmR_base|7.925|9.7975952|32.385|1|ICAO||0.411|735.0,770.0,809.0,838.0|406.4,508.0,604.5,736.6|gm_bullet_base
ACE|gm_bullet_9x18mm_B_pst|9.27|6.1559|10.541|1|ICAO||0.135|253.289,271.272,294.132,296.57,301.142,313.334,317.297,321.259,324.002,325.526,329.489,327.965,337.109,335.28,338.938,329.794,327.66|50.8,76.2,101.6,127.0,152.4,177.8,203.2,228.6,254.0,279.4,304.8,330.2,355.6,381.0,406.4,431.8,457.2|gm_bullet_9x18mm_base
ACE|gm_bullet_9x19mm_AP_dm91||5.7023||||||410.0,440.0,480.0||gm_bullet_9x19mm_base
ACE|gm_bullet_9x19mm_BSD_dm81||9.52544||||||220.0,250.0,290.0||gm_bullet_9x19mm_B_dm51
ACE|gm_bullet_9x19mm_base|9.017|8.0352|15.494|1|ASM||0.165|340.0,370.0,400.0|101.6,127.0,228.6|gm_bullet_base
